data = [2999,1,0,0,0
5998,2,0,0.000019,0
8997,3,2972,0.000028,0
11996,4,2991,0.000038,0
14995,5,3003,0.000047,0
17994,6,2997,0.000056,0
20993,7,3002,0.000066,0.000001
23992,8,3001,0.000075,0.000001
26991,9,2997,0.000084,0.000002
29990,10,3000,0.000094,0.000002
32989,11,3020,0.000103,0.000003
35988,12,2978,0.000112,0.000004
38987,13,3000,0.000121,0.000005
41986,14,3000,0.000130,0.000006
44985,15,3003,0.000139,0.000008
47984,16,2999,0.000148,0.000009
50983,17,3000,0.000157,0.000011
53982,18,3001,0.000166,0.000014
56981,19,2999,0.000175,0.000016
59980,20,3000,0.000184,0.000019
62979,21,3006,0.000193,0.000021
65978,22,2994,0.000201,0.000025
68977,23,3000,0.000210,0.000028
71976,24,3001,0.000218,0.000032
74975,25,3000,0.000227,0.000036
77974,26,3000,0.000235,0.000040
80973,27,3000,0.000244,0.000045
83972,28,3000,0.000252,0.000049
86971,29,3000,0.000260,0.000055
89970,30,3000,0.000268,0.000060
92969,31,3001,0.000276,0.000066
95968,32,3000,0.000284,0.000072
98967,33,3000,0.000291,0.000079
101966,34,3000,0.000299,0.000085
104965,35,3002,0.000306,0.000093
107964,36,3000,0.000314,0.000100
110963,37,3000,0.000321,0.000108
113962,38,3001,0.000328,0.000116
116961,39,3000,0.000335,0.000124
119960,40,3000,0.000342,0.000133
122959,41,3001,0.000349,0.000142
125958,42,2999,0.000356,0.000152
128957,43,3000,0.000362,0.000162
131956,44,3000,0.000369,0.000172
134955,45,3001,0.000375,0.000182
137954,46,3001,0.000381,0.000193
140953,47,3000,0.000387,0.000204
143952,48,3002,0.000393,0.000215
146951,49,2999,0.000399,0.000227
149950,50,3000,0.000404,0.000239
152949,51,3001,0.000410,0.000251
155948,52,2999,0.000415,0.000264
158947,53,3000,0.000420,0.000276
161946,54,3000,0.000425,0.000289
164945,55,3002,0.000430,0.000303
167944,56,3000,0.000435,0.000316
170943,57,3000,0.000440,0.000330
173942,58,3002,0.000444,0.000344
176941,59,2998,0.000448,0.000358
179940,60,3001,0.000452,0.000373
182939,61,3001,0.000456,0.000388
185938,62,3000,0.000460,0.000403
188937,63,3000,0.000464,0.000418
191936,64,3001,0.000467,0.000433
194935,65,3001,0.000470,0.000449
197934,66,2999,0.000473,0.000464
200933,67,3000,0.000476,0.000480
203932,68,3002,0.000479,0.000496
206931,69,2999,0.000482,0.000512
209930,70,3000,0.000484,0.000528
212929,71,3001,0.000486,0.000544
215928,72,3000,0.000489,0.000561
218927,73,3001,0.000491,0.000577
221926,74,3000,0.000492,0.000594
224925,75,3001,0.000494,0.000610
227924,76,3000,0.000495,0.000627
230923,77,3000,0.000496,0.000643
233922,78,3002,0.000497,0.000660
236921,79,3000,0.000498,0.000677
239920,80,3000,0.000499,0.000693
242919,81,3001,0.000500,0.000710
245918,82,3000,0.000500,0.000726
248917,83,3000,0.000500,0.000743
251916,84,2999,0.000500,0.000759
254915,85,3001,0.000500,0.000776
257914,86,3000,0.000499,0.000792
260913,87,3001,0.000499,0.000808
263912,88,3001,0.000498,0.000824
266911,89,3000,0.000497,0.000840
269910,90,3000,0.000496,0.000856
272909,91,3002,0.000495,0.000872
275908,92,2999,0.000493,0.000887
278907,93,3001,0.000492,0.000902
281906,94,3000,0.000490,0.000917
284905,95,3001,0.000488,0.000932
287904,96,3000,0.000486,0.000947
290903,97,3000,0.000484,0.000961
293902,98,3001,0.000481,0.000975
296901,99,3000,0.000478,0.000989
299900,100,3000,0.000476,0.001003
302899,101,3001,0.000473,0.001016
305898,102,3000,0.000469,0.001029
308897,103,3000,0.000466,0.001042
311896,104,3000,0.000463,0.001054
314895,105,3001,0.000459,0.001066
317894,106,3000,0.000455,0.001078
320893,107,3000,0.000451,0.001089
323892,108,3002,0.000447,0.001100
326891,109,3000,0.000443,0.001111
329890,110,3000,0.000438,0.001121
332889,111,3001,0.000434,0.001131
335888,112,3000,0.000429,0.001140
338887,113,3000,0.000424,0.001149
341886,114,3000,0.000419,0.001158
344885,115,3001,0.000414,0.001166
347884,116,2999,0.000408,0.001174
350883,117,3000,0.000403,0.001181
353882,118,3001,0.000397,0.001188
356881,119,3000,0.000391,0.001194
359880,120,3001,0.000385,0.001200
362879,121,3002,0.000379,0.001205
365878,122,3000,0.000373,0.001210
368877,123,3000,0.000367,0.001215
371876,124,3000,0.000360,0.001218
374875,125,3001,0.000354,0.001222
377874,126,3000,0.000347,0.001225
380873,127,3000,0.000340,0.001227
383872,128,3002,0.000333,0.001229
386871,129,3000,0.000326,0.001230
389870,130,3001,0.000319,0.001231
392869,131,3001,0.000312,0.001231
395868,132,3000,0.000304,0.001231
398867,133,3000,0.000297,0.001230
401866,134,3001,0.000289,0.001229
404865,135,3001,0.000281,0.001227
407864,136,3000,0.000274,0.001224
410863,137,3000,0.000266,0.001221
413862,138,3001,0.000258,0.001218
416861,139,3000,0.000249,0.001213
419860,140,3044,0.000241,0.001209
422859,141,3006,0.000233,0.001203
425858,142,3057,0.000225,0.001198
428857,143,2999,0.000216,0.001191
431856,144,2998,0.000208,0.001184
434855,145,2980,0.000199,0.001177
437854,146,3012,0.000190,0.001169
440853,147,3019,0.000182,0.001160
443852,148,2991,0.000173,0.001151
446851,149,2923,0.000164,0.001141
449850,150,3009,0.000155,0.001131
452849,151,3050,0.000146,0.001120
455848,152,2987,0.000137,0.001109
458847,153,3004,0.000128,0.001097
461846,154,3000,0.000119,0.001085
464845,155,3006,0.000110,0.001072
467844,156,2993,0.000100,0.001058
470843,157,2990,0.000091,0.001044
473842,158,2968,0.000082,0.001030
476841,159,2993,0.000072,0.001015
479840,160,3000,0.000063,0.000999
482839,161,3002,0.000054,0.000983
485838,162,3000,0.000044,0.000967
488837,163,3000,0.000035,0.000950
491836,164,3000,0.000026,0.000933
494835,165,3002,0.000016,0.000915
497834,166,3000,0.000007,0.000896
500833,167,3000,-0.000003,0.000878
503832,168,3002,-0.000012,0.000858
506831,169,2999,-0.000021,0.000839
509830,170,3000,-0.000031,0.000819
512829,171,3001,-0.000040,0.000798
515828,172,3000,-0.000050,0.000777
518827,173,3000,-0.000059,0.000756
521826,174,3001,-0.000068,0.000734
524825,175,3000,-0.000078,0.000712
527824,176,2999,-0.000087,0.000690
530823,177,3000,-0.000096,0.000667
533822,178,3002,-0.000105,0.000644
536821,179,3000,-0.000115,0.000620
539820,180,3000,-0.000124,0.000596
542819,181,3002,-0.000133,0.000572
545818,182,3001,-0.000142,0.000548
548817,183,3000,-0.000151,0.000523
551816,184,3001,-0.000160,0.000498
554815,185,3002,-0.000169,0.000472
557814,186,3000,-0.000178,0.000447
560813,187,3000,-0.000186,0.000421
563812,188,3001,-0.000195,0.000395
566811,189,3000,-0.000204,0.000369
569810,190,3000,-0.000212,0.000342
572809,191,3001,-0.000221,0.000315
575808,192,3000,-0.000229,0.000288
578807,193,3000,-0.000238,0.000261
581806,194,3001,-0.000246,0.000234
584805,195,3001,-0.000254,0.000207
587804,196,3000,-0.000262,0.000179
590803,197,3001,-0.000270,0.000151
593802,198,3000,-0.000278,0.000124
596801,199,3000,-0.000286,0.000096
599800,200,3001,-0.000293,0.000068
602799,201,3001,-0.000301,0.000040
605798,202,3000,-0.000308,0.000011
608797,203,3000,-0.000316,-0.000017
611796,204,3000,-0.000323,-0.000045
614795,205,3001,-0.000330,-0.000073
617794,206,3000,-0.000337,-0.000101
620793,207,3000,-0.000344,-0.000130
623792,208,3001,-0.000351,-0.000158
626791,209,2999,-0.000358,-0.000186
629790,210,3000,-0.000364,-0.000214
632789,211,3001,-0.000370,-0.000243
635788,212,2999,-0.000377,-0.000271
638787,213,3000,-0.000383,-0.000299
641786,214,3000,-0.000389,-0.000327
644785,215,3002,-0.000395,-0.000354
647784,216,3000,-0.000400,-0.000382
650783,217,3000,-0.000406,-0.000410
653782,218,3000,-0.000411,-0.000437
656781,219,2999,-0.000417,-0.000464
659780,220,3000,-0.000422,-0.000492
662779,221,3001,-0.000427,-0.000518
665778,222,3000,-0.000432,-0.000545
668777,223,3000,-0.000436,-0.000572
671776,224,2999,-0.000441,-0.000598
674775,225,3002,-0.000445,-0.000624
677774,226,3000,-0.000449,-0.000650
680773,227,3000,-0.000453,-0.000676
683772,228,3002,-0.000457,-0.000701
686771,229,3000,-0.000461,-0.000726
689770,230,3000,-0.000465,-0.000751
692769,231,3002,-0.000468,-0.000776
695768,232,2999,-0.000471,-0.000800
698767,233,3001,-0.000474,-0.000824
701766,234,3000,-0.000477,-0.000848
704765,235,3002,-0.000480,-0.000871
707764,236,3000,-0.000482,-0.000894
710763,237,3000,-0.000485,-0.000917
